400
3
2222222222222222222222222222222222222222222222222222222222222222222222222222222222222222222222222222222222222222
2000000000000000200000000000000000200000000000000000000000000000020000000000000000000000020000000000000000000002
2000000000000000200000000000000000200000000000000000000000000000020000000000000000000000020000000000000000000002
2000000000000000200000000000000000200000000020000000000000000000020000000000000000000000020000000000000000000002
2000000000000000200000000000000000200000000020000000000000000000020000000000000000000000020000000000000000000002
2000000000000000200000000000000000200000000020000000000000000000020000000000000000000000020000000000000000000002
2222222222222200200002000000000000200000000020000000000000000000020000000000200000000000020000000000000000000002
2000000000000000000002000000000000200000000020000000000000000000020000000000200000000000020000000000000000000002
2000000000000000000002000000000000200000000020000000000000000000020000000000200000000000020000000000000000000002
2000000000000000000002000000000000222222222222222222222222222002220000000000200000000000020022222222222222222222
2000000000000000000002000000000000000000000020000000000000000000000000222222222222200000000000000000200000000002
2000000000000000222222222220000000000000000000000000000000000000000000000000200000000000000000000000200000000002
2000000000000000000002000000000000000000000000000000000000000000000000000000200000000000000000000000200000000002
2000000000000000000002000000000000000022222222222222002222200000000000000000200000000000000000000000200000000002
2000000000000000000002000000000000000020000000000000000000200000000000000000200000000000000000000000200000000002
2222222222222002200002000000000000000020000000000000000000200000000000000000000000000022222222222000200022222222
2000000000000000200000000000000000000020000000000000000000200000000000000000000000000020000000000000200000000002
2000000000000000200000000000000000000020000000000000000000200000000000000000000000000020000000000000000000000002
2000000000000000200000000000000000000020000000000000000000200000000000000000000000000020000000000000000000000002
2000000000000000200002000000000000000020000000000000000000200000000000000000000000000020000000000000000000000002
2000000000000000200002000000022222222222222222222200000000200000000000000000000000000020000000000000000000000002
2222222222222222200002000000020000000000000000000000000000200000000000000000000000000020000000000000000000000002
2000000000020000000002000000020000000000000000000000000000200000000000000000000000000020000000000000000000000002
2000000000020000000002000000020000000000000000000200000000200000000000000000000000000022222222222222222222222222
2000000000020000000002000000020000000000000000000200000000200000000000000000000000000000000000000000000000000002
2000000000020000000002000000020000000000000000000200000000200000000000000000000000000000000000000000000000000002
2000000000020000000002000000020000000000000000000200000000200000000000000000000000000000000000000000000000000002
2000000000020000000002000000020000000000000000000222222222222200222222222222222222222222222222222222222222222222
2000000000020000000002000000020000000000000000000200000000000000000000000000000000000000000000000000000000000002
2000222222222222200002000000022222220022222222222200000000000000000000000000000000000000000000000000000000000002
2000000000000000000000000000000000000000000200000000000000000000000000000000000000000000000000000000000000000002
2000000000000000000000000000000000000000000200000000000000000000000000000000000000222222222222222200000000000002
2000000000000000000000000000000000000000000200000000000000000000000000000000000000200000000000000200000000000002
2222222222222222222222000000000000000000000200000000000000000000000000000000000000200000000000000200000000000002
2000000000000000000002000000000000000000000200000000000000000000000222222222222222200000000000000200000000000002
2000000000000000000002000000000000000000000200000000000000000000000200000000000000200000000000000000000000000002
2000000000000000000000000000000000000000000200000000000000000000000200000000000000200000000000000000000000000002
2000000000000000000002222222222222000000000000000000000000000000000200000000000000200000000000000222222222222222
2000000000000000000002000000000002000000000000000000000000000000000200000000000000200000000000000200000000000002
2000000000000000000002000000000000000000000200000000000000000000000200000000000000200000000000000200000000000002
2000000000000000000002000000000000000000000200000000000000000000000200000000000000200000000000000200000000000002
2222222222222222222222222222222222222222222222222222222222222222222222222222222222222222222222222222222222222222