1000
10
2222222222222222222222222222222222222222222222222222222222222222222222
2000000000000000200000000000000000200000000000000000000000200000000002
2000000000000000200000000000000000200000000000000000000000200000000002
2000000000000000200000000000000000200000000020000000000000200000000002
2000000000000000200000000000000000200000000020000000000000222222200222
2000000000000000200000000000000000200000000020000000000000200000000002
2222222222222200200002000000000000200000000020000000000000000000000002
2000000000000000000002000000000000200000000020000000000000000000000002
2000000000000000000002000000000000200000000020000000000000200000000002
2000000000000000000002000000000000222222222222222222222222222222222002
2000000000000000000002000000000000000000000020000000000000000000000002
2000000000000000222222222220000000000000000000000000000000000000000002
2000000000000000000002000000000000000000000000000000000000000000000002
2000000000000000000002000000000000000022222222222222002222200000000002
2000000000000000000002000000000000000020000000000000000000200000000002
2222222222222002200002000000000000000020000000000000000000200000000002
2000000000000000200000000000000000000020000000000000000000200000000002
2000000000000000200000000000000000000020000000000000000000200000000002
2000000000000000200000000000000000000020000000000000000000200000000002
2000000000000000200002000000000000000020000000000000000000222200000222
2000000000000000200002000000022222222222222222222200000000200000000002
2222222222222222200002000000020000000000000000000000000000200000000002
2000000000020000000002000000020000000000000000000000000000200000000002
2000000000020000000002000000020000000000000000000200000000200000000002
2000000000020000000002000000020000000000000000000200000000200000000002
2000000000020000000002000000020000000000000000000200000000200000000002
2000000000020000000002000000020000000000000000000200000000200000000002
2000000000020000000002000000020000000000000000000222222222222222222222
2000000000020000000002000000020000000000000000000200000000000020000002
2000222222222222200002000000022222220022222222222200000000000020000002
2000000000000000000000000000000000000000000200000000000000000020000002
2000000000000000000000000000000000000000000200000000000000000020000002
2000000000000000000000000000000000000000000200000000000000000020000002
2222222222222222222222000000000000000000000200000000000000000020000002
2022000000000000000002000000000000000000000200000000000000000020000002
2002200000000000000000000000000000000000000200000000000000000020000002
2000220000000000000000000000000000000000000200000000000000000020000002
2000000000000000000002222222222222000000000000000000000000000000000002
2000002200000000000002000000000002000000000000000000000000000000000002
2000000220000000000002000000000000000000000200000000000000000000000002
2000000022000000000002000000000000000000000200000000000000000000000002
2222222222222222222222222222222222222200002222222222200002222222222222
2000000000000000002000000000000000000000000200000020000000000200000002
2000000000000000002000000000000000000000000200000020000000000200000002
2000000000000000002000000000000000000000000200000020000000000200000002
2000000000000000002000000000222222200000000200000020000000000200000002
2000000000000000002000000000000000000000000200000020000000000200000002
2000000000000000002000000000000000000000000200000020000000000200000002
2000000000000000002000000000200000200000000200000000000000000000000002
2000000000000000000000000000200000200000000200000000000000000000000002
2000000000000000000000000000200000200000000222222220000000000222222222
2222222222222222222000000000200000200000000200000020000000000200000002
2000000200000000000000000000200000200000000200000020000000000200000002
2000000200000000000000000000222222200000000200000020000000000200000002
2000000200000000000000000000000000000000000200000020000000000200000002
2000000200022222222000000000000000000000000200000020000000000200000002
2000000200000000002000000000000000000000000200000020000000000200000002
2000000200000000002000000000000000000000000200000000000000000000000002
2000000000000000002000222222222200000000000200000000000000000000000002
2000000000000000002000000000000000000000000222222220000000000222222222
2000000000000000002000000000000000222222200200000020000000000200000002
2222222222222222222000000000000000200000000200000020000000000200000002
2000000000000000002000000000000000200000000200000020000000000200000002
2000000000000000002000000000000000200000000200000000000000000000000002
2000002000200000002000000000002222222222222200000000000000000000000002
2000002000200000002000000000002000000000000222222220000000000222222222
2222222000222222222000000000002000000000000200000020000000000200000002
2000000000000000000000000000000000000000000200000000000000000000000002
2000000000000000000000000000000000000000000200000000000000000000000002
2222222222222222222222222222222222222222222222222222222222222222222222