1000
10
222222222222222222222222222222
200000200000000000000002000002
200000200000000000000002000002
200000000000022002220000000002
200000000000020000020000000002
222222222200020000020002222222
200000000200020000020002000002
200000000200020000020002000002
200000000000022002220002000002
200000000000020000020000000002
200222222200020000020002222222
200000000200020000020002000002
200000000200020000020002000002
222222222200022002220000000002
200000000200020000020000000002
200000000200020000020002222222
200000000000022222220000000002
200000000000000000000000000002
222222222222222222222222222222