1000
10
222222222222222222222222222222222222222222222222222222222222222222222222222222222222222222
200000000000000000000000000000000000000000000000000000000000000000000000000000000000000002
200222222222222222222222000002222222222222222222222222000002222222222222222222222222220002
200200000000000000000002000002000000000000000000000002000002000000000000000000200000020002
200200000000000000000002000002000000000000000000000002000002000000000000000000200000020002
200200000000000000000000000000000000000000000000000000000002000000000000000000000000020002
200200000000000000000000000000000000000000000000000000000000000000000000000000000000020002
200200000000000000000002000002222222222200222222222222000000000000000000000000200000020002
200200000000000000000002000002000000000000000000000002000002000000000000000000200000020002
200200000000000000000002000002000000000000000000000002000002000000000000000000200000020002
200222222222002222222222000002222222222200222222222222000002222222222220022222222222220002
200000000000000000000000000000000000000000000000000000000000000000000000000000000000000002
200222222222222222222222222220002222222222222222222222222220002222222222222222222222222002
200000000000000000000000000000000000000000000000000000000000000000000000000000000000000002
200022222222002222222222222200000222222200222222222222222200000222222220022222222222220002
200020000000000200000000000200000200000000000200000000000200000200000000002000000000020002
200020000000000200000000000200000200000000000200000000000200000200000000002000000000020002
200020000000000200000000000200000200000000000200000000000000000000000000000000000000020002
200020000000000000000000000000000000000000000200000000000000000000000000000000000000020002
200020000000000000000000000000000000000000000000000000000200000200000000002000000000020002
200020000000000200000000000200000200000000000000000000000200000200000000002000000000020002
200020000000000200000000000200000200000000000200000000000200000200000000002000000000020002
200020000000000000000000000200000200000000000200000000000200000200000000002000000000020002
200022222220022222222222222200000222222222222200222222222200000222222222222200222222220002
200000000000000000000000000000000000000000000000000000000000000000000000000000000000000002
222222222222222222222222002222222222222222222222222220022222222222002222222222222222222222
200000000000000000000002000000000000000000000000000020000000000000000000000000000000000002
200222222220022222222202002222222222222222222002222020022222222222002222222200022222222002
200200000000000000000202002000000000000000000000002020020000000000000000000200020000000002
200200000000000000000202002000000000000000000000002020020000000000000000000200020000000002
200200000000000000000202002000000000200000000000000000020000000000000000000200020000000002
200200000000000000000000000000000000222222200000000000020000000000000000000200000000000002
200200000000000000000000000000000000200000200000002020020000000000000000000000000000000002
200200000000000000000202002000000000200000200000002020020000000000000000000000020000000002
200200000000000000000202002000000000200000000000002020020000000000000000000200020000000002
200200000000000000000202002000000000200000000000002020020000000000000000000200020000000002
200222222222002222222202002222222222222222222222222020022222222222222222222200022222222002
200000000000000000000000000000000000000000000000000000000000000000000000000000000000000002
200000000000000000000000000000000000000000000000000000000000000000000000000000000000000002
222222222222002222222222002222222222222222222222222222222222222222222222222222222222222002
200000000020000200000002000002000000020000000000002000000000000020000000000020000002000002
200000000020000200000002000002000000020000000000002000000000000020000000000020000002000002
200000000000000000000002000002000000020000000000002000000000000020000000000020000002000002
200000000000000000000002000000000000000000000000000000000000000000000000000000000000000002
222222222220000222222222000000000000000000000000000000000000000000000000000000000000000002
200000000020000200000002000002222222222222222222222222222222222222222222222222222222000002
200000000020000200000002000000000020000000000000002000000000000200000000000020000000000002
200000000000000000000002000000000020000000000000002000000000000200000000000020000000000002
200000000000000000000002000000000020000000200000002000000020000200002000000020000000000002
222222222220000222222222000000000022222200222222222222222220000200002222222220000000000002
200000000020000200000002000000000000000000000000000000000000000000000000000000000000000002
200000000020000200000002000000000000000000000000000000000000000000000000000000000000000002
200000000000000000000002002222222222222222222222222222222222222222222222222222222222222222
200000000000000000000002000000000000000000000000000000000000000000000000000000000000000002
222222222220000222222222000000000000000000000000000000000000000000000000000000000000000002
200000000220000200000002220022200222002220022200222002220022200222200222002220022200222002
200000000220000200000002000020000200002000020000200002000020000200000200002000020000200002
200000000000000000000002000020000200002000020000200002000020000200000200002000020000200002
200000000000000000000002000020000200002000020000200002000020000200000200002000020000200002
222222222222222222222222222222222222222222222222222222222222222222222222222222222222222222