1000
10
222222222222222222222222222222222222222222222222222222222222
200000000000000020000000002000000020000000000000000000000002
200000000000000020000000002000000020000000000000000000000002
200000000000000020000000002000000020000000002000000000000002
200000000000000020000000002000000020000000002000000000000002
200000000000000020000000002002222220000000002000000000000002
222222222222220020000200000000000020000000002000000000000002
200000000000000000000200000000000000000000002000000000000002
200000000000000000000200000000000000000000002000000000000002
200000000000000000000200000000000022222222222222222222222002
200000000000000000000200000000000000000000002000000000000002
200000000000000022222222222000000000000000000000000000000002
200000000000000000000200000000000000000000000000000000000002
200000000000000000000200000000000000002222222222222200222222
200000000000000000000200000000000000002000000000000000000002
222222222222200220000200000000000000002000000000000000000002
200000000000000020000000000000022222222000000000000000000002
200000000000000020000000000000020000002000000000000000000002
200000000000000020000000000000000000002000000000000000000002
200000000000000020000200000000000000002000000000000000000002
200000000000000020000200000002222222222222222222220000000002
222222222222222220000200000002000000000000000000000000000002
200000000002000000000200000002000000000000000000000000000002
200000000002000000000200000002000000000000000000020000000002
200000000002000000000200000002000000000000000000020000000002
200000000002000000000200000002000000000000000000020000000002
200000000002000000000200000002000000000000000000020000000002
200000000002000000000200000002000000000000000000022222222002
200000000002000000000200000002000000000000000000020000000002
200022222222222220000200000002222222002222222222220000000002
200000000000000000000000000000000000000000020000000000000002
200000000000000000000000000000000000000000020000000000000002
200000000000000000000000000000000000000000020000000000000002
222222222222222222222200000000000000000000022222222222222222
202200000000000000000000000000000000000000020000000000000002
200220000000000000000000000000000000000000020000000000000002
200022000000000000000222222222220000000000020000000000000002
200000000000000000000200000000020000000000020000000000000002
200000220000000000000200000000000000000000000000000000000002
200000022000000000000200000000000000000000000000000000000002
222222222222222222222222222222222222222222222222222222222222